4952
75
25439
175
59
95
1459
53652
44754811
484285
6254779
41767
12865
8843
4
6876
2359
961784
3286192
264
1
282863
969
9794
118463
3676968
618
8547
17
66396
65
334623
721758
1216314
33
761652
28
18478
97281
7
186321
12735
46864
271
3
523
76991
39781
15286
1968
191
265544
13865
341
2311
7426
22486
41567889
171
34
528
989927
85568
5
3854
5372
31499
258
634196
53314
299
388
3993793
16
319
93
948
213975
17
2813
442
8359
481
474
6894
693
484
683
4
98
984
34
9
8642
72989
5753
33
82
987497
27338
8
3178
92858
6
93963
33
517
8448
18326
833
6952
1196
8258142
3763
2
36751
847542
6989
2
499
156
3355
12
2335
25887
318
7
284
923
1493
73744
9368
3462
7365683
56
34
58
721429
965631
25549
2775
87795
31
158
671
3
57491
51127
6882396
918175
8
422
618536
91973
8945265
7132
89
6995
8257
34
9146
696
791
9412
264
349
2663
587
5472578
1777
28
716874
394
896
396
1676
88344482
65
21364
3936872
5
462
588975
84
59934
149678
6132
9925
97
7
831
8241
145
4154
9
5
17
42576
3956
6
96115
751916
97589
7743
426
658
1696
47
4974
2981
5146
61541
9371
3497388
3
4819
52771949
72823
1464
885
342
522
483
29675
942496
915
1
435755
52739
6811554
26391
227
7
53367
66589
78753929
13
782
7645
29
6338148
6
689
6541
355
98129
2485
4528
564649
177
11738
69988
858
331
829895
634
98
57256
56963
551
433
984923
8
95
414983
19875
6121
95
68579
112
6298
2
239
734
536
619
38
869
563932
3
8895
67294
5784
382
5396
1
4
735
179761
2381
474
8
2
925826
57
77825166
3174
79834
953
457
5
1
91
87
689
97
485
8811847
8186
981
33152
59654
29446154
824278
66357
626534
4674
96
518
75918
7681768
8947
51
32147
1958
98
342542
136
9513
49
367351
313
6635
7
3825
626994
97443
837
356
63916
685722
886
31
5581
7749
18423
761
5715
295268
1367
846567
9811
63361
561
986
568
36563
54
981364
2276
1
8273
71
9624
3175
15958392
8731
8
288
331
956
26485
38427
12
5696
639
1169
117
45
7431
59
297
242157
46262
8242958
1283
78
267461
536595
865
587
3
1243
117
479
3921
4796
545889
516
14571
98533
473557
5633
95548
395682
1
814693
2565
491
2754
8
4334
788139
25689
318172
9612
6
6893
741
635
96
26452
11
1114937
33
667789
187
99
871
5825
121
5262468
661
181
145
12629
172
73
21587
54589
4
21691
832
9877
986
261
3698
28
31389
8718952
615
147
59
842
97
81227
71316
96
4775
467819
24539
698395
56139
731426
262
965
6374
9
8997
89842
5
4986835
4156
668
645321
958745
7393
3638
985744
591446
219
8
68157
2136
98842
229
39216
48572
642
41191
44982
637141
345271
337172
374
49
8
515
51486
1
6
37242
523
964
5892
95432
738
969
5958
31557
9146
4391
9546
7836
43
986
15863
1378
7758
23331
849966
9495
6727
9413
934
423
6527
431
29695
173649
83
53398
198593
9336
93469461
67
65
2
82
98
157
91
64815
8261724
762
5961
9719253
715
8187
3796299
284
16
19172
34772
8434
55523
9627
2972
15
4939
995
942
5877
275348
8
47423
74945
36
395
6
6981555
37213
4488
8736
733
783545
8155
134
547
8978
24
916
873
61
26572
4
3431
44891
357126
66
491
579835
836
487
562749
3
898321
4342
7195
7425164
78343
2814433
23715
58574
4
7947
683756
59788
488
4128
9634
16651
574
858621
687
4593
24957823
12859411
4195
472
434
379
1
6981771
619
6815226
77
5
4
943
25
39751
729
1681
12486
81395
47
55163178
54775
954
256
143834
2956895
715
16972
2556
243
865173
457
634
9137
59
6692
73674
24
453
241524
142
5
432
666126
676
14
3698
5661483
319286
5357
3857542
66
41716
2
57852
7776
3
2545
1
39
3169
12122
936
92748
81514
724
5988463
127436
274662
644187
24112218
1859
24
6638
384
138
9742
3587611
444492
56665
1968
2176
4832
695
975
766429
879511
3674385
5491
319788
681
7126
93942
219497
364
1
38814
395
9881
75411
8697
256
3196
3694
2855
2512
362271
2297424
45114
581
61429
8858
11656
25423
384
711423
893
4399
16454
122
54988
2964
284
791442
7875
39835
3268
745537
5172423
9137255
526
3695936
8936264
26441
39
4735827
94985
279965
511214
8779
168
17981
53534
81
96
8539
4189
6955
282
7518
39316
466
99
66917
22895
717
91
482
81395
259393
6152
32557
312968
728153
47
4288
977
4551
1
93277
883634
462
6243
187
45979
61
47
417
531889
1315
14
254148
5
257
672
7
9468539
43
194
68
527114
74883
29
2938
393
754
78
49
57867
597
84261
392
9121
38416
167482
2659383
3
35562
1855382
9242
54352
78919
29836
31
22
5612
26453
652
5451
94142
194482
52598
53
3239
15728
789
983
161724
274
737
5698
362115
97272
16456
412517
9
115
2465
533
759
759
9
423
66
568123
53556
36
733142
137
16173
7629
13678
51119
3971622
187
4114
5867
697282
276
239166
91534
6422
218
92
474
68561
36
882282
14
6316
986
1185
866552
97833
4392
245648
64
91
9583
2245
1392
234
3857
4614
894
29
75
16218
532
1772234
6
5581
152543
913452
3758
9432
9341
6368
752761
5777
442
4675
334
147
518
643
5236
2394799
525
857
263
4164
85144
275485
3331
9817
9374
2281
752
5612
179
758697
38
762
143
7886494
3
8426
85
54
6
83
965
426
3671
9249
77743
15
782
6
727
5
989
88
999
24
28
4442
1282548
65
287
46617
136
2396
41625
1
99597
62733
44839
4771
2628
75
697252
3182
2965
61177
479988
234
68227
3121
42491
7566
84681
96
3952
92623
166695
728877
8
638
88
844
56
